#include "zeta_table.h"

__device__ uint32_t zetaTab[] = {1,1,1,1,1,1,1,1,1,1,1,1,1,1,1,1,1,1,1,1,1,1,1,1,1,1,1,1,1,1,1,1,1,1,1,1,1,1,1,1,1,1,1,1,1,1,1,1,1,1,1,1,1,1,1,1,1,1,1,1,1,1,1,1,1,1,1,1,1,1,1,1,1,1,1,1,1,1,1,1,1,1,1,1,1,1,1,1,1,1,1,1,1,1,1,1,1,1,1,1,1,1,1,1,1,1,1,1,1,1,1,1,1,1,1,1,1,1,1,1,1,1,1,1,1,1,1,1,1,1,1,1,1,1,1,1,1,1,1,1,1,1,1,1,1,1,1,1,1,1,1,1,1,1,1,1,1,1,1,1,1,1,1,1,1,1,1,1,1,1,1,1,1,1,1,1,1,1,1,1,1,1,1,1,1,1,1,1,1,1,1,1,1,1,1,1,1,1,1,1,1,1,1,1,1,1,1,1,1,1,1,1,1,1,1,1,1,1,1,1,1,1,1,1,1,1,1,1,1,1,1,1,1,1,1,1,1,1,1,1,1,1,1,1,1,1,1,1,1,1,1,1,1,1,1,1,\
		1,17,289,1584,296,1703,2319,2804,1062,1409,650,1063,1426,939,2647,1722,2642,1637,1197,375,3046,1847,1438,1143,2786,756,2865,2099,2393,733,2474,2110,2580,583,3253,2037,1339,2789,807,403,193,3281,2513,2773,535,2437,1481,1874,1897,2288,2277,2090,2240,1461,1534,2775,569,3015,1320,2466,1974,268,1227,885,1729,2761,331,2298,2447,1651,1435,1092,1919,2662,1977,319,2094,2308,2617,1212,630,723,2304,2549,56,952,2868,2150,3260,2156,33,561,2879,2337,3110,2935,3289,2649,1756,3220,1476,1789,452,1026,797,233,632,757,2882,2388,648,1029,848,1100,2055,1645,1333,2687,2402,886,1746,3050,1915,2594,821,641,910,2154,3328,3312,3040,1745,3033,1626,1010,525,2267,1920,2679,2266,1903,2390,682,1607,687,1692,2132,2954,283,1482,1891,2186,543,2573,464,1230,936,2596,855,1219,749,2746,76,1292,1990,540,2522,2926,3136,48,816,556,2794,892,1848,1455,1432,1041,1052,1239,1089,1868,1795,554,2760,314,2009,863,1355,3061,2102,2444,1600,568,2998,1031,882,1678,1894,2237,1410,667,1352,3010,1235,1021,712,2117,2699,2606,1025,780,3273,2377,461,1179,69,1173,3296,2768,450,992,219,394,40,680,1573,109,1853,1540,2877,2303,2532,3096,2697,2572,447,941,2681,2300,2481,2229,1274,1684,1996,642,927,2443,1583,279,1414,735,2508,2688,2419,1175,\
		1,289,296,2319,1062,650,1426,2647,2642,1197,3046,1438,2786,2865,2393,2474,2580,3253,1339,807,193,2513,535,1481,1897,2277,2240,1534,569,1320,1974,1227,1729,331,2447,1435,1919,1977,2094,2617,630,2304,56,2868,3260,33,2879,3110,3289,1756,1476,452,797,632,2882,648,848,2055,1333,2402,1746,1915,821,910,3328,3040,3033,1010,2267,2679,1903,682,687,2132,283,1891,543,464,936,855,749,76,1990,2522,3136,816,2794,1848,1432,1052,1089,1795,2760,2009,1355,2102,1600,2998,882,1894,1410,1352,1235,712,2699,1025,3273,461,69,3296,450,219,40,1573,1853,2877,2532,2697,447,2681,2481,1274,1996,927,1583,1414,2508,2419,1,289,296,2319,1062,650,1426,2647,2642,1197,3046,1438,2786,2865,2393,2474,2580,3253,1339,807,193,2513,535,1481,1897,2277,2240,1534,569,1320,1974,1227,1729,331,2447,1435,1919,1977,2094,2617,630,2304,56,2868,3260,33,2879,3110,3289,1756,1476,452,797,632,2882,648,848,2055,1333,2402,1746,1915,821,910,3328,3040,3033,1010,2267,2679,1903,682,687,2132,283,1891,543,464,936,855,749,76,1990,2522,3136,816,2794,1848,1432,1052,1089,1795,2760,2009,1355,2102,1600,2998,882,1894,1410,1352,1235,712,2699,1025,3273,461,69,3296,450,219,40,1573,1853,2877,2532,2697,447,2681,2481,1274,1996,927,1583,1414,2508,2419,\
		1,1584,2319,1409,1426,1722,1197,1847,2786,2099,2474,583,1339,403,2513,2437,1897,2090,1534,3015,1974,885,331,1651,1919,319,2617,723,56,2150,33,2337,3289,3220,452,233,2882,1029,2055,2687,1746,2594,910,3312,3033,525,2679,2390,687,2954,1891,2573,936,1219,76,540,3136,556,1848,1041,1089,554,2009,3061,1600,1031,1894,667,1235,2117,1025,2377,69,2768,219,680,1853,2303,2697,941,2481,1684,927,279,2508,1175,289,1703,1062,1063,2647,1637,3046,1143,2865,733,2580,2037,807,3281,535,1874,2277,1461,569,2466,1227,2761,2447,1092,1977,2308,630,2549,2868,2156,2879,2935,1756,1789,797,757,648,1100,1333,886,1915,641,3328,1745,1010,1920,1903,1607,2132,1482,543,1230,855,2746,1990,2926,816,892,1432,1239,1795,314,1355,2444,2998,1678,1410,3010,712,2606,3273,1179,3296,992,40,109,2877,3096,447,2300,1274,642,1583,735,2419,17,296,2804,650,939,2642,375,1438,756,2393,2110,3253,2789,193,2773,1481,2288,2240,2775,1320,268,1729,2298,1435,2662,2094,1212,2304,952,3260,561,3110,2649,1476,1026,632,2388,848,1645,2402,3050,821,2154,3040,1626,2267,2266,682,1692,283,2186,464,2596,749,1292,2522,48,2794,1455,1052,1868,2760,863,2102,568,882,2237,1352,1021,2699,780,461,1173,450,394,1573,1540,2532,2572,2681,2229,1996,2443,1414,2688,\
		1,296,1062,1426,2642,3046,2786,2393,2580,1339,193,535,1897,2240,569,1974,1729,2447,1919,2094,630,56,3260,2879,3289,1476,797,2882,848,1333,1746,821,3328,3033,2267,1903,687,283,543,936,749,1990,3136,2794,1432,1089,2760,1355,1600,882,1410,1235,2699,3273,69,450,40,1853,2532,447,2481,1996,1583,2508,1,296,1062,1426,2642,3046,2786,2393,2580,1339,193,535,1897,2240,569,1974,1729,2447,1919,2094,630,56,3260,2879,3289,1476,797,2882,848,1333,1746,821,3328,3033,2267,1903,687,283,543,936,749,1990,3136,2794,1432,1089,2760,1355,1600,882,1410,1235,2699,3273,69,450,40,1853,2532,447,2481,1996,1583,2508,1,296,1062,1426,2642,3046,2786,2393,2580,1339,193,535,1897,2240,569,1974,1729,2447,1919,2094,630,56,3260,2879,3289,1476,797,2882,848,1333,1746,821,3328,3033,2267,1903,687,283,543,936,749,1990,3136,2794,1432,1089,2760,1355,1600,882,1410,1235,2699,3273,69,450,40,1853,2532,447,2481,1996,1583,2508,1,296,1062,1426,2642,3046,2786,2393,2580,1339,193,535,1897,2240,569,1974,1729,2447,1919,2094,630,56,3260,2879,3289,1476,797,2882,848,1333,1746,821,3328,3033,2267,1903,687,283,543,936,749,1990,3136,2794,1432,1089,2760,1355,1600,882,1410,1235,2699,3273,69,450,40,1853,2532,447,2481,1996,1583,2508,\
		1,1703,650,1722,3046,756,2474,2037,193,2437,2277,2775,1974,2761,1435,319,630,952,33,2935,1476,233,648,1645,1746,641,3040,525,1903,1692,1891,1230,749,540,816,1455,1089,314,2102,1031,1410,1021,1025,1179,450,680,2877,2572,2481,642,1414,1175,296,1409,2647,375,2786,733,3253,403,535,2288,1534,2466,1729,1651,1977,1212,56,2156,3110,3220,797,2388,2055,886,821,3312,1010,2266,687,1482,464,1219,1990,48,1848,1239,2760,3061,2998,2237,1235,2606,461,2768,40,1540,2697,2300,1996,279,2419,1584,1062,939,1197,1143,2393,583,807,2773,1897,1461,1320,885,2447,2662,2617,2549,3260,2337,1756,1026,2882,1100,2402,2594,3328,1626,2679,1607,283,2573,855,1292,3136,892,1052,554,1355,568,1894,3010,2699,2377,3296,394,1853,3096,2681,1684,1583,2688,289,2804,1426,1637,1438,2099,2580,2789,2513,1874,2240,3015,1227,2298,1919,2308,2304,2150,2879,2649,452,757,848,2687,1915,2154,3033,1920,682,2954,543,2596,76,2926,2794,1041,1795,863,1600,1678,1352,2117,3273,1173,219,109,2532,941,1274,2443,2508,17,2319,1063,2642,1847,2865,2110,1339,3281,1481,2090,569,268,331,1092,2094,723,2868,561,3289,1789,632,1029,1333,3050,910,1745,2267,2390,2132,2186,936,2746,2522,556,1432,1868,2009,2444,882,667,712,780,69,992,1573,2303,447,2229,927,735,\
		1,2319,1426,1197,2786,2474,1339,2513,1897,1534,1974,331,1919,2617,56,33,3289,452,2882,2055,1746,910,3033,2679,687,1891,936,76,3136,1848,1089,2009,1600,1894,1235,1025,69,219,1853,2697,2481,927,2508,289,1062,2647,3046,2865,2580,807,535,2277,569,1227,2447,1977,630,2868,2879,1756,797,648,1333,1915,3328,1010,1903,2132,543,855,1990,816,1432,1795,1355,2998,1410,712,3273,3296,40,2877,447,1274,1583,2419,296,650,2642,1438,2393,3253,193,1481,2240,1320,1729,1435,2094,2304,3260,3110,1476,632,848,2402,821,3040,2267,682,283,464,749,2522,2794,1052,2760,2102,882,1352,2699,461,450,1573,2532,2681,1996,1414,1,2319,1426,1197,2786,2474,1339,2513,1897,1534,1974,331,1919,2617,56,33,3289,452,2882,2055,1746,910,3033,2679,687,1891,936,76,3136,1848,1089,2009,1600,1894,1235,1025,69,219,1853,2697,2481,927,2508,289,1062,2647,3046,2865,2580,807,535,2277,569,1227,2447,1977,630,2868,2879,1756,797,648,1333,1915,3328,1010,1903,2132,543,855,1990,816,1432,1795,1355,2998,1410,712,3273,3296,40,2877,447,1274,1583,2419,296,650,2642,1438,2393,3253,193,1481,2240,1320,1729,1435,2094,2304,3260,3110,1476,632,848,2402,821,3040,2267,682,283,464,749,2522,2794,1052,2760,2102,882,1352,2699,461,450,1573,2532,2681,1996,1414,\
		1,2804,2647,1847,2393,2037,2513,2288,569,885,1435,2308,56,561,1756,233,848,886,910,1626,1903,2954,464,2746,3136,1455,1795,3061,882,3010,1025,1173,40,2303,2681,642,2508,1584,650,1637,2786,2110,807,2437,2240,2466,331,2662,630,2150,3110,1789,2882,1645,1915,3312,2267,1607,1891,2596,1990,556,1052,314,1600,2237,712,2377,450,109,2697,2229,1583,1175,2319,939,3046,2099,3253,3281,1897,2775,1227,1651,2094,2549,33,2649,797,1029,2402,641,3033,2266,2132,2573,749,2926,1848,1868,1355,1031,1352,2606,69,394,2877,941,1996,735,289,1409,2642,1143,2474,2789,535,2090,1320,2761,1919,1212,2868,2337,1476,757,2055,3050,3328,525,682,1482,936,1292,816,1041,2760,2444,1894,1021,3273,2768,1573,3096,2481,2443,2419,1703,1426,375,2865,583,193,1874,1534,268,2447,319,2304,2156,3289,1026,648,2687,821,1745,2679,1692,543,1219,2522,892,1089,863,2998,667,2699,1179,219,1540,447,1684,1414,17,1062,1722,1438,733,1339,2773,2277,3015,1729,1092,2617,952,2879,3220,632,1100,1746,2154,1010,2390,283,1230,76,48,1432,554,2102,1678,1235,780,3296,680,2532,2300,927,2688,296,1063,1197,756,2580,403,1481,1461,1974,2298,1977,723,3260,2935,452,2388,1333,2594,3040,1920,687,2186,855,540,2794,1239,2009,568,1410,2117,461,992,1853,2572,1274,279,\
		1,1062,2642,2786,2580,193,1897,569,1729,1919,630,3260,3289,797,848,1746,3328,2267,687,543,749,3136,1432,2760,1600,1410,2699,69,40,2532,2481,1583,1,1062,2642,2786,2580,193,1897,569,1729,1919,630,3260,3289,797,848,1746,3328,2267,687,543,749,3136,1432,2760,1600,1410,2699,69,40,2532,2481,1583,1,1062,2642,2786,2580,193,1897,569,1729,1919,630,3260,3289,797,848,1746,3328,2267,687,543,749,3136,1432,2760,1600,1410,2699,69,40,2532,2481,1583,1,1062,2642,2786,2580,193,1897,569,1729,1919,630,3260,3289,797,848,1746,3328,2267,687,543,749,3136,1432,2760,1600,1410,2699,69,40,2532,2481,1583,1,1062,2642,2786,2580,193,1897,569,1729,1919,630,3260,3289,797,848,1746,3328,2267,687,543,749,3136,1432,2760,1600,1410,2699,69,40,2532,2481,1583,1,1062,2642,2786,2580,193,1897,569,1729,1919,630,3260,3289,797,848,1746,3328,2267,687,543,749,3136,1432,2760,1600,1410,2699,69,40,2532,2481,1583,1,1062,2642,2786,2580,193,1897,569,1729,1919,630,3260,3289,797,848,1746,3328,2267,687,543,749,3136,1432,2760,1600,1410,2699,69,40,2532,2481,1583,1,1062,2642,2786,2580,193,1897,569,1729,1919,630,3260,3289,797,848,1746,3328,2267,687,543,749,3136,1432,2760,1600,1410,2699,69,40,2532,2481,1583,\
		1,1409,1197,2099,1339,2437,1534,885,1919,723,33,3220,2882,2687,910,525,687,2573,76,556,1089,3061,1894,2117,69,680,2697,1684,2508,1703,2647,1143,2580,3281,2277,2466,2447,2308,2868,2935,797,1100,1915,1745,1903,1482,855,2926,1432,314,2998,3010,3273,992,2877,2300,1583,17,650,375,2393,2789,1481,2775,1729,2662,2304,561,1476,2388,2402,2154,2267,1692,464,1292,2794,1868,2102,2237,2699,1173,1573,2572,1996,2688,2319,1722,2786,583,2513,2090,1974,1651,2617,2150,3289,233,2055,2594,3033,2390,1891,1219,3136,1041,2009,1031,1235,2377,219,2303,2481,279,289,1063,3046,733,807,1874,569,2761,1977,2549,2879,1789,648,886,3328,1920,2132,1230,1990,892,1795,2444,1410,2606,3296,109,447,642,2419,2804,2642,756,3253,2773,2240,268,1435,1212,3260,2649,632,1645,821,1626,682,2186,749,48,1052,863,882,1021,461,394,2532,2229,1414,1584,1426,1847,2474,403,1897,3015,331,319,56,2337,452,1029,1746,3312,2679,2954,936,540,1848,554,1600,667,1025,2768,1853,941,927,1175,1062,1637,2865,2037,535,1461,1227,1092,630,2156,1756,757,1333,641,1010,1607,543,2746,816,1239,1355,1678,712,1179,40,3096,1274,735,296,939,1438,2110,193,2288,1320,2298,2094,952,3110,1026,848,3050,3040,2266,283,2596,2522,1455,2760,568,1352,780,450,1540,2681,2443,\
		1,650,3046,2474,193,2277,1974,1435,630,33,1476,648,1746,3040,1903,1891,749,816,1089,2102,1410,1025,450,2877,2481,1414,296,2647,2786,3253,535,1534,1729,1977,56,3110,797,2055,821,1010,687,464,1990,1848,2760,2998,1235,461,40,2697,1996,2419,1062,1197,2393,807,1897,1320,2447,2617,3260,1756,2882,2402,3328,2679,283,855,3136,1052,1355,1894,2699,3296,1853,2681,1583,289,1426,1438,2580,2513,2240,1227,1919,2304,2879,452,848,1915,3033,682,543,76,2794,1795,1600,1352,3273,219,2532,1274,2508,2319,2642,2865,1339,1481,569,331,2094,2868,3289,632,1333,910,2267,2132,936,2522,1432,2009,882,712,69,1573,447,927,1,650,3046,2474,193,2277,1974,1435,630,33,1476,648,1746,3040,1903,1891,749,816,1089,2102,1410,1025,450,2877,2481,1414,296,2647,2786,3253,535,1534,1729,1977,56,3110,797,2055,821,1010,687,464,1990,1848,2760,2998,1235,461,40,2697,1996,2419,1062,1197,2393,807,1897,1320,2447,2617,3260,1756,2882,2402,3328,2679,283,855,3136,1052,1355,1894,2699,3296,1853,2681,1583,289,1426,1438,2580,2513,2240,1227,1919,2304,2879,452,848,1915,3033,682,543,76,2794,1795,1600,1352,3273,219,2532,1274,2508,2319,2642,2865,1339,1481,569,331,2094,2868,3289,632,1333,910,2267,2132,936,2522,1432,2009,882,712,69,1573,447,927,\
		1,1063,1438,583,535,2775,331,2308,3260,3220,648,3050,3033,1607,464,540,1432,863,1894,2606,450,2303,1274,2688,1062,375,2474,3281,2240,885,1977,952,3289,757,2402,3312,1903,2186,76,892,2760,1031,712,1173,1853,2300,1414,1703,2642,2099,807,2288,1974,1092,2304,2337,797,1645,910,1920,283,1219,816,1868,1600,3010,461,680,447,2443,289,939,2786,2037,1481,3015,2447,1212,33,1789,848,2594,1010,1692,936,2926,1052,3061,1410,780,219,3096,1996,1175,650,1847,2580,2773,1534,2761,2094,2150,1756,2388,1746,1745,682,2573,1990,1455,2009,1678,2699,2768,2877,2229,2508,2804,1197,733,193,2090,1227,2662,56,2935,632,2687,3328,2266,1891,2746,2794,554,2998,1021,69,109,2681,279,296,1722,2865,2789,1897,2466,1435,723,2879,1026,2055,641,2267,2954,855,48,1089,2444,1352,2377,40,2572,927,17,1426,1143,3253,2437,569,2298,2617,2156,1476,1029,1915,1626,687,1230,2522,1041,1355,2237,1025,992,2532,1684,2419,1409,3046,2110,2513,1461,1729,319,2868,2649,2882,886,3040,2390,543,1292,1848,314,882,2117,3296,1540,2481,735,2319,1637,2393,403,2277,268,1919,2549,3110,233,1333,2154,2679,1482,749,556,1795,568,1235,1179,1573,941,1583,1584,2647,756,1339,1874,1320,1651,630,561,452,1100,821,525,2132,2596,3136,1239,2102,667,3273,394,2697,642,\
		1,1426,2786,1339,1897,1974,1919,56,3289,2882,1746,3033,687,936,3136,1089,1600,1235,69,1853,2481,2508,1062,3046,2580,535,569,2447,630,2879,797,1333,3328,1903,543,1990,1432,1355,1410,3273,40,447,1583,296,2642,2393,193,2240,1729,2094,3260,1476,848,821,2267,283,749,2794,2760,882,2699,450,2532,1996,1,1426,2786,1339,1897,1974,1919,56,3289,2882,1746,3033,687,936,3136,1089,1600,1235,69,1853,2481,2508,1062,3046,2580,535,569,2447,630,2879,797,1333,3328,1903,543,1990,1432,1355,1410,3273,40,447,1583,296,2642,2393,193,2240,1729,2094,3260,1476,848,821,2267,283,749,2794,2760,882,2699,450,2532,1996,1,1426,2786,1339,1897,1974,1919,56,3289,2882,1746,3033,687,936,3136,1089,1600,1235,69,1853,2481,2508,1062,3046,2580,535,569,2447,630,2879,797,1333,3328,1903,543,1990,1432,1355,1410,3273,40,447,1583,296,2642,2393,193,2240,1729,2094,3260,1476,848,821,2267,283,749,2794,2760,882,2699,450,2532,1996,1,1426,2786,1339,1897,1974,1919,56,3289,2882,1746,3033,687,936,3136,1089,1600,1235,69,1853,2481,2508,1062,3046,2580,535,569,2447,630,2879,797,1333,3328,1903,543,1990,1432,1355,1410,3273,40,447,1583,296,2642,2393,193,2240,1729,2094,3260,1476,848,821,2267,283,749,2794,2760,882,2699,450,2532,1996,\
		1,939,2865,403,2240,2761,2617,561,797,2687,3040,1607,936,48,1795,1031,2699,992,2697,2443,296,1637,2474,2773,569,1651,2304,2935,2882,3050,1010,2954,749,892,2009,2237,3273,680,2681,735,1062,1847,3253,1874,1974,2662,2868,3220,848,641,2679,2186,1990,1041,2102,3010,69,1540,1274,1175,1426,756,807,2090,1729,2308,33,1026,1333,3312,682,1230,3136,1868,2998,2117,450,3096,927,1584,2642,733,2513,2775,2447,723,3110,757,1746,1626,2132,1219,2794,314,1894,780,40,941,1414,2804,3046,583,1481,2466,1919,952,1756,1029,821,1920,1891,1292,1432,3061,1352,1179,1853,2229,2419,1063,2786,2789,2277,885,2094,2156,452,1645,3328,2390,464,2926,1089,568,712,2768,2532,642,289,1722,2393,3281,1534,2298,630,2337,632,886,3033,1692,855,556,2760,1678,1025,394,447,279,2319,375,2580,2437,1320,1092,56,2649,648,2594,2267,1482,76,1455,1355,667,461,109,2481,2688,650,1143,1339,2288,1227,319,3260,1789,2055,2154,1903,2573,2522,1239,1600,1021,3296,2303,1996,17,2647,2099,193,1461,331,1212,2879,233,2402,1745,687,2596,816,554,882,2606,219,2572,1583,1703,1197,2110,535,3015,1435,2549,3289,2388,1915,525,283,2746,1848,863,1410,2377,1573,2300,2508,1409,1438,2037,1897,268,1977,2150,1476,1100,910,2266,543,540,1052,2444,1235,1173,2877,1684,\
		1,2647,2393,2513,569,1435,56,1756,848,910,1903,464,3136,1795,882,1025,40,2681,2508,650,2786,807,2240,331,630,3110,2882,1915,2267,1891,1990,1052,1600,712,450,2697,1583,2319,3046,3253,1897,1227,2094,33,797,2402,3033,2132,749,1848,1355,1352,69,2877,1996,289,2642,2474,535,1320,1919,2868,1476,2055,3328,682,936,816,2760,1894,3273,1573,2481,2419,1426,2865,193,1534,2447,2304,3289,648,821,2679,543,2522,1089,2998,2699,219,447,1414,1062,1438,1339,2277,1729,2617,2879,632,1746,1010,283,76,1432,2102,1235,3296,2532,927,296,1197,2580,1481,1974,1977,3260,452,1333,3040,687,855,2794,2009,1410,461,1853,1274,1,2647,2393,2513,569,1435,56,1756,848,910,1903,464,3136,1795,882,1025,40,2681,2508,650,2786,807,2240,331,630,3110,2882,1915,2267,1891,1990,1052,1600,712,450,2697,1583,2319,3046,3253,1897,1227,2094,33,797,2402,3033,2132,749,1848,1355,1352,69,2877,1996,289,2642,2474,535,1320,1919,2868,1476,2055,3328,682,936,816,2760,1894,3273,1573,2481,2419,1426,2865,193,1534,2447,2304,3289,648,821,2679,543,2522,1089,2998,2699,219,447,1414,1062,1438,1339,2277,1729,2617,2879,632,1746,1010,283,76,1432,2102,1235,3296,2532,927,296,1197,2580,1481,1974,1977,3260,452,1333,3040,687,855,2794,2009,1410,461,1853,1274,\
		1,1722,2474,2437,1974,319,33,233,1746,525,1891,540,1089,1031,1025,680,2481,1175,2647,733,535,2466,1977,2156,797,886,1010,1482,1990,1239,2998,2606,40,2300,2419,939,2393,2773,1320,2662,3260,1026,2402,1626,283,1292,1052,568,2699,394,2681,2688,1426,2099,2513,3015,1919,2150,452,2687,3033,2954,76,1041,1600,2117,219,941,2508,1063,2865,3281,569,1092,2868,1789,1333,1745,2132,2746,1432,2444,712,992,447,735,650,756,193,2775,1435,952,1476,1645,3040,1692,749,1455,2102,1021,450,2572,1414,1409,2786,403,1534,1651,56,3220,2055,3312,687,1219,1848,3061,1235,2768,2697,279,1062,1143,807,1461,2447,2549,1756,1100,3328,1607,855,892,1355,3010,3296,3096,1583,2804,1438,2789,2240,2298,2304,2649,848,2154,682,2596,2794,863,1352,1173,2532,2443,2319,1847,1339,2090,331,723,3289,1029,910,2390,936,556,2009,667,69,2303,927,1703,3046,2037,2277,2761,630,2935,648,641,1903,1230,816,314,1410,1179,2877,642,296,375,3253,2288,1729,1212,3110,2388,821,2266,464,48,2760,2237,461,1540,1996,1584,1197,583,1897,885,2617,2337,2882,2594,2679,2573,3136,554,1894,2377,1853,1684,289,1637,2580,1874,1227,2308,2879,757,1915,1920,543,2926,1795,1678,3273,109,1274,17,2642,2110,1481,268,2094,561,632,3050,2267,2186,2522,1868,882,780,1573,2229,\
		1,2642,2580,1897,1729,630,3289,848,3328,687,749,1432,1600,2699,40,2481,1,2642,2580,1897,1729,630,3289,848,3328,687,749,1432,1600,2699,40,2481,1,2642,2580,1897,1729,630,3289,848,3328,687,749,1432,1600,2699,40,2481,1,2642,2580,1897,1729,630,3289,848,3328,687,749,1432,1600,2699,40,2481,1,2642,2580,1897,1729,630,3289,848,3328,687,749,1432,1600,2699,40,2481,1,2642,2580,1897,1729,630,3289,848,3328,687,749,1432,1600,2699,40,2481,1,2642,2580,1897,1729,630,3289,848,3328,687,749,1432,1600,2699,40,2481,1,2642,2580,1897,1729,630,3289,848,3328,687,749,1432,1600,2699,40,2481,1,2642,2580,1897,1729,630,3289,848,3328,687,749,1432,1600,2699,40,2481,1,2642,2580,1897,1729,630,3289,848,3328,687,749,1432,1600,2699,40,2481,1,2642,2580,1897,1729,630,3289,848,3328,687,749,1432,1600,2699,40,2481,1,2642,2580,1897,1729,630,3289,848,3328,687,749,1432,1600,2699,40,2481,1,2642,2580,1897,1729,630,3289,848,3328,687,749,1432,1600,2699,40,2481,1,2642,2580,1897,1729,630,3289,848,3328,687,749,1432,1600,2699,40,2481,1,2642,2580,1897,1729,630,3289,848,3328,687,749,1432,1600,2699,40,2481,1,2642,2580,1897,1729,630,3289,848,3328,687,749,1432,1600,2699,40,2481,\
		1,1637,3253,2090,2447,952,452,886,2267,2573,816,863,1235,992,2681,1175,2642,583,2277,2298,56,1789,2402,525,543,48,2009,3010,450,941,2419,1722,2580,2288,331,2549,1476,2687,1010,2186,3136,314,1352,2768,447,2688,2647,2110,1897,2761,2304,3220,1333,1626,1891,2926,2760,667,3296,2572,2508,939,2474,1874,1729,723,1756,1645,3033,1482,2522,554,1410,1173,2697,735,1426,733,1481,885,630,2649,2055,1745,283,540,1795,2237,69,3096,1414,1063,2393,2437,1227,1212,3289,1100,3040,2954,1990,1868,1894,1179,2532,279,650,2099,535,268,2617,2935,848,3312,2132,1292,1089,1678,461,2303,1583,1409,2865,2773,1974,2308,3110,1029,3328,1692,76,1239,882,2377,2877,2443,1062,756,2513,2466,2094,2337,648,2154,687,2746,1052,1031,3273,1540,927,2804,2786,3281,1320,319,2879,2388,910,1607,749,1041,2998,780,1853,642,2319,1143,193,3015,1977,561,2882,641,682,1219,1432,568,1025,109,1996,1703,1438,403,569,2662,33,757,821,2390,855,1455,1600,2606,1573,1684,296,1847,807,2775,1919,2156,632,2594,1903,2596,1848,2444,2699,680,1274,1584,3046,2789,1534,1092,3260,233,1915,2266,936,892,2102,2117,40,2229,289,375,1339,1461,1435,2150,797,3050,2679,1230,2794,3061,712,394,2481,17,1197,2037,2240,1651,2868,1026,1746,1920,464,556,1355,1021,219,2300,\
		1,1197,1339,1534,1919,33,2882,910,687,76,1089,1894,69,2697,2508,2647,2580,2277,2447,2868,797,1915,1903,855,1432,2998,3273,2877,1583,650,2393,1481,1729,2304,1476,2402,2267,464,2794,2102,2699,1573,1996,2319,2786,2513,1974,2617,3289,2055,3033,1891,3136,2009,1235,219,2481,289,3046,807,569,1977,2879,648,3328,2132,1990,1795,1410,3296,447,2419,2642,3253,2240,1435,3260,632,821,682,749,1052,882,461,2532,1414,1426,2474,1897,331,56,452,1746,2679,936,1848,1600,1025,1853,927,1062,2865,535,1227,630,1756,1333,1010,543,816,1355,712,40,1274,296,1438,193,1320,2094,3110,848,3040,283,2522,2760,1352,450,2681,1,1197,1339,1534,1919,33,2882,910,687,76,1089,1894,69,2697,2508,2647,2580,2277,2447,2868,797,1915,1903,855,1432,2998,3273,2877,1583,650,2393,1481,1729,2304,1476,2402,2267,464,2794,2102,2699,1573,1996,2319,2786,2513,1974,2617,3289,2055,3033,1891,3136,2009,1235,219,2481,289,3046,807,569,1977,2879,648,3328,2132,1990,1795,1410,3296,447,2419,2642,3253,2240,1435,3260,632,821,682,749,1052,882,461,2532,1414,1426,2474,1897,331,56,452,1746,2679,936,1848,1600,1025,1853,927,1062,2865,535,1227,630,1756,1333,1010,543,816,1355,712,40,1274,296,1438,193,1320,2094,3110,848,3040,283,2522,2760,1352,450,2681,\
		1,375,807,3015,2094,2935,2055,1626,543,556,2102,2606,1853,2443,650,733,1897,2298,2868,233,821,1607,76,1868,1410,2768,2681,17,3046,403,1320,2308,3289,1645,1010,2573,2794,2444,1025,1540,1583,1063,2474,2288,2447,2150,632,641,687,1292,1795,667,450,2300,289,1847,193,2466,2617,2649,1333,525,464,892,1600,780,2877,279,1426,2110,2277,1651,3260,757,910,1692,1990,554,1352,992,2481,1584,1438,3281,1974,1212,1756,2687,2267,1230,1848,568,3273,2303,1414,939,2580,2090,1435,2156,2882,2154,2132,540,2760,3010,219,2229,296,1143,2513,268,630,3220,2402,1920,936,1455,2998,2377,2532,735,2647,583,2240,1092,33,2388,3328,2954,2522,314,1235,394,1274,1703,2786,2773,1227,723,1476,886,2679,2596,1432,1031,461,3096,2508,1722,3253,1461,1919,561,648,3312,283,2926,2009,1021,40,1684,2319,756,535,885,2304,1789,1746,2266,855,1041,882,1179,2697,2688,2642,2037,1534,2662,2879,1029,3040,1482,3136,863,712,680,1996,2804,2865,2437,1729,2549,452,3050,1903,1219,1052,1678,69,2572,2419,1637,1339,2775,1977,2337,848,1745,1891,48,1355,2117,1573,642,1062,2099,1481,2761,56,1026,1915,2390,749,1239,1894,1173,447,1175,1197,2789,569,319,3110,1100,3033,2186,816,3061,2699,109,927,1409,2393,1874,331,952,797,2594,682,2746,1089,2237,3296,941,\
		1,3046,193,1974,630,1476,1746,1903,749,1089,1410,450,2481,296,2786,535,1729,56,797,821,687,1990,2760,1235,40,1996,1062,2393,1897,2447,3260,2882,3328,283,3136,1355,2699,1853,1583,1426,2580,2240,1919,2879,848,3033,543,2794,1600,3273,2532,2508,2642,1339,569,2094,3289,1333,2267,936,1432,882,69,447,1,3046,193,1974,630,1476,1746,1903,749,1089,1410,450,2481,296,2786,535,1729,56,797,821,687,1990,2760,1235,40,1996,1062,2393,1897,2447,3260,2882,3328,283,3136,1355,2699,1853,1583,1426,2580,2240,1919,2879,848,3033,543,2794,1600,3273,2532,2508,2642,1339,569,2094,3289,1333,2267,936,1432,882,69,447,1,3046,193,1974,630,1476,1746,1903,749,1089,1410,450,2481,296,2786,535,1729,56,797,821,687,1990,2760,1235,40,1996,1062,2393,1897,2447,3260,2882,3328,283,3136,1355,2699,1853,1583,1426,2580,2240,1919,2879,848,3033,543,2794,1600,3273,2532,2508,2642,1339,569,2094,3289,1333,2267,936,1432,882,69,447,1,3046,193,1974,630,1476,1746,1903,749,1089,1410,450,2481,296,2786,535,1729,56,797,821,687,1990,2760,1235,40,1996,1062,2393,1897,2447,3260,2882,3328,283,3136,1355,2699,1853,1583,1426,2580,2240,1919,2879,848,3033,543,2794,1600,3273,2532,2508,2642,1339,569,2094,3289,1333,2267,936,1432,882,69,447,\
		1,1847,2513,885,56,233,910,2954,3136,3061,1025,2303,2508,1637,807,2466,630,1789,1915,1607,1990,314,712,109,1583,939,3253,2775,2094,2649,2402,2266,749,1868,1352,394,1996,1409,2474,2090,1919,2337,2055,525,936,1041,1894,2768,2481,1703,2865,1874,2447,2156,648,1745,543,892,2998,1179,447,17,1438,2773,1729,952,632,2154,283,48,2102,780,2532,2688,1197,403,1974,723,452,2594,687,540,2009,2117,1853,279,2647,2037,569,2308,1756,886,1903,2746,1795,3010,40,642,650,2110,2240,2662,3110,1645,2267,2596,1052,2237,450,2229,2319,2099,1897,1651,33,1029,3033,2573,1848,1031,69,941,289,1143,535,2761,2868,757,3328,1482,816,2444,3273,3096,2419,375,193,268,2304,1026,821,1692,2522,863,2699,1540,1414,1722,1339,3015,2617,3220,1746,2390,76,554,1235,680,927,1063,2580,1461,1977,2935,1333,1920,855,1239,1410,992,1274,2804,2393,2288,1435,561,848,1626,464,1455,882,1173,2681,1584,2786,2437,331,2150,2882,3312,1891,556,1600,2377,2697,1175,3046,3281,1227,2549,797,641,2132,2926,1355,2606,2877,735,2642,2789,1320,1212,1476,3050,682,1292,2760,1021,1573,2443,1426,583,1534,319,3289,2687,2679,1219,1089,667,219,1684,1062,733,2277,1092,2879,1100,1010,1230,1432,1678,3296,2300,296,756,1481,2298,3260,2388,3040,2186,2794,568,461,2572,\
		1,1438,535,331,3260,648,3033,464,1432,1894,450,1274,1062,2474,2240,1977,3289,2402,1903,76,2760,712,1853,1414,2642,807,1974,2304,797,910,283,816,1600,461,447,289,2786,1481,2447,33,848,1010,936,1052,1410,219,1996,650,2580,1534,2094,1756,1746,682,1990,2009,2699,2877,2508,1197,193,1227,56,632,3328,1891,2794,2998,69,2681,296,2865,1897,1435,2879,2055,2267,855,1089,1352,40,927,1426,3253,569,2617,1476,1915,687,2522,1355,1025,2532,2419,3046,2513,1729,2868,2882,3040,543,1848,882,3296,2481,2319,2393,2277,1919,3110,1333,2679,749,1795,1235,1573,1583,2647,1339,1320,630,452,821,2132,3136,2102,3273,2697,1,1438,535,331,3260,648,3033,464,1432,1894,450,1274,1062,2474,2240,1977,3289,2402,1903,76,2760,712,1853,1414,2642,807,1974,2304,797,910,283,816,1600,461,447,289,2786,1481,2447,33,848,1010,936,1052,1410,219,1996,650,2580,1534,2094,1756,1746,682,1990,2009,2699,2877,2508,1197,193,1227,56,632,3328,1891,2794,2998,69,2681,296,2865,1897,1435,2879,2055,2267,855,1089,1352,40,927,1426,3253,569,2617,1476,1915,687,2522,1355,1025,2532,2419,3046,2513,1729,2868,2882,3040,543,1848,882,3296,2481,2319,2393,2277,1919,3110,1333,2679,749,1795,1235,1573,1583,2647,1339,1320,630,452,821,2132,3136,2102,3273,2697,\
		1,1143,1481,1651,2879,1645,2679,2746,2760,2117,2877,2688,3046,2773,331,2156,848,525,855,1868,1235,109,1414,1637,193,885,2868,2388,3033,1230,1052,667,40,2443,2647,2789,1974,2549,632,3312,543,1455,1894,992,1996,1063,3253,3015,630,1026,910,1482,2794,1031,3296,2229,1062,2110,1534,2308,1476,2594,2132,48,1600,1179,2681,1703,2393,2090,1977,2649,1746,1607,2522,3061,3273,2572,289,756,1897,1092,3110,2687,1903,1292,2009,2606,2532,1175,1438,2437,2447,561,2055,1920,749,554,712,1540,2508,375,2513,2761,3260,1029,1010,2596,1089,3010,1573,279,2642,403,1227,952,2882,1745,464,1041,1410,394,927,939,1339,2466,2304,233,3328,2186,1848,1678,450,1684,650,583,569,1212,452,641,283,556,2998,1173,2481,2804,2474,1461,2094,3220,1915,1692,3136,2444,461,941,296,2099,2277,2662,3289,886,682,540,1355,780,2697,17,2786,1874,1435,2337,1333,2266,76,314,2699,2303,2419,1847,535,2298,33,1100,2267,1219,1795,1021,1853,735,1197,3281,1729,2150,648,1626,936,1239,1352,680,1583,1722,807,268,56,757,3040,2573,1432,2237,219,642,1426,2037,1320,723,797,2154,1891,892,882,2768,1274,1409,2580,2775,2617,1789,821,2954,816,568,69,2300,2319,733,2240,319,1756,3050,687,2926,2102,2377,447,1584,2865,2288,1919,2935,2402,2390,1990,863,1025,3096,\
		1,2786,1897,1919,3289,1746,687,3136,1600,69,2481,1062,2580,569,630,797,3328,543,1432,1410,40,1583,2642,193,1729,3260,848,2267,749,2760,2699,2532,1,2786,1897,1919,3289,1746,687,3136,1600,69,2481,1062,2580,569,630,797,3328,543,1432,1410,40,1583,2642,193,1729,3260,848,2267,749,2760,2699,2532,1,2786,1897,1919,3289,1746,687,3136,1600,69,2481,1062,2580,569,630,797,3328,543,1432,1410,40,1583,2642,193,1729,3260,848,2267,749,2760,2699,2532,1,2786,1897,1919,3289,1746,687,3136,1600,69,2481,1062,2580,569,630,797,3328,543,1432,1410,40,1583,2642,193,1729,3260,848,2267,749,2760,2699,2532,1,2786,1897,1919,3289,1746,687,3136,1600,69,2481,1062,2580,569,630,797,3328,543,1432,1410,40,1583,2642,193,1729,3260,848,2267,749,2760,2699,2532,1,2786,1897,1919,3289,1746,687,3136,1600,69,2481,1062,2580,569,630,797,3328,543,1432,1410,40,1583,2642,193,1729,3260,848,2267,749,2760,2699,2532,1,2786,1897,1919,3289,1746,687,3136,1600,69,2481,1062,2580,569,630,797,3328,543,1432,1410,40,1583,2642,193,1729,3260,848,2267,749,2760,2699,2532,1,2786,1897,1919,3289,1746,687,3136,1600,69,2481,1062,2580,569,630,797,3328,543,1432,1410,40,1583,2642,193,1729,3260,848,2267,749,2760,2699,2532,\
		1,756,2277,319,1476,641,1891,1455,1410,680,1414,375,535,1651,3110,886,687,48,2998,2768,1996,939,807,885,3260,1100,2679,1292,1355,2377,2681,2804,2580,3015,2304,757,3033,2596,1795,2117,2532,17,2865,2090,2094,1789,910,2186,1432,667,1573,735,3046,2437,1435,2935,1746,1692,816,1031,450,642,2647,403,1729,2156,2055,2266,1990,3061,461,2300,1062,583,1320,2549,2882,1626,855,554,2699,3096,289,2099,2240,2308,452,2154,543,1041,1352,109,2508,1847,1481,1092,3289,3050,2132,556,882,992,927,1722,193,2761,33,1645,1903,540,2102,1179,2481,1409,3253,2466,56,2388,1010,1219,2760,2606,2697,1584,2393,1461,2617,1026,3328,2573,1052,3010,1853,2688,1438,1874,1919,2649,1915,2954,2794,1678,219,2443,2642,3281,331,561,1333,2390,2522,2444,69,2229,650,2037,1974,952,648,525,749,314,1025,2572,296,733,1534,1212,797,3312,464,1239,1235,1540,2419,1143,1897,2662,1756,2594,283,892,1894,394,1583,1637,2513,2298,2879,2687,682,2926,1600,1173,1274,1063,1339,268,2868,1029,2267,2746,2009,780,447,1703,2474,2775,630,233,3040,1230,1089,1021,2877,1175,2786,2288,1977,3220,821,1482,1848,2237,40,279,1197,2773,2447,2337,2402,1607,3136,568,3296,1684,1426,2789,1227,2150,848,1920,76,863,3273,941,2319,2110,569,723,632,1745,936,1868,712,2303,\
		1,2865,2240,2617,797,3040,936,1795,2699,2697,296,2474,569,2304,2882,1010,749,2009,3273,2681,1062,3253,1974,2868,848,2679,1990,2102,69,1274,1426,807,1729,33,1333,682,3136,2998,450,927,2642,2513,2447,3110,1746,2132,2794,1894,40,1414,3046,1481,1919,1756,821,1891,1432,1352,1853,2419,2786,2277,2094,452,3328,464,1089,712,2532,289,2393,1534,630,632,3033,855,2760,1025,447,2319,2580,1320,56,648,2267,76,1355,461,2481,650,1339,1227,3260,2055,1903,2522,1600,3296,1996,2647,193,331,2879,2402,687,816,882,219,1583,1197,535,1435,3289,1915,283,1848,1410,1573,2508,1438,1897,1977,1476,910,543,1052,1235,2877,1,2865,2240,2617,797,3040,936,1795,2699,2697,296,2474,569,2304,2882,1010,749,2009,3273,2681,1062,3253,1974,2868,848,2679,1990,2102,69,1274,1426,807,1729,33,1333,682,3136,2998,450,927,2642,2513,2447,3110,1746,2132,2794,1894,40,1414,3046,1481,1919,1756,821,1891,1432,1352,1853,2419,2786,2277,2094,452,3328,464,1089,712,2532,289,2393,1534,630,632,3033,855,2760,1025,447,2319,2580,1320,56,648,2267,76,1355,461,2481,650,1339,1227,3260,2055,1903,2522,1600,3296,1996,2647,193,331,2879,2402,687,816,882,219,1583,1197,535,1435,3289,1915,283,1848,1410,1573,2508,1438,1897,1977,1476,910,543,1052,1235,2877,\
		1,2099,1534,723,2882,525,76,3061,69,1684,2647,3281,2447,2935,1915,1482,1432,3010,2877,17,2393,2775,2304,2388,2267,1292,2102,1173,1996,1722,2513,1651,3289,2594,1891,1041,1235,2303,289,733,569,2549,648,1920,1990,2444,3296,642,2642,2773,1435,2649,821,2186,1052,1021,2532,1584,2474,3015,56,1029,2679,540,1600,2768,927,1637,535,1092,1756,641,543,1239,712,3096,296,2110,1320,952,848,2266,2522,568,450,2443,1197,2437,1919,3220,910,2573,1089,2117,2697,1703,2580,2466,2868,1100,1903,2926,2998,992,1583,375,1481,2662,1476,2154,464,1868,2699,2572,2319,583,1974,2150,2055,2390,3136,1031,219,279,3046,1874,1977,1789,3328,1230,1795,2606,447,2804,3253,268,3260,1645,682,48,882,394,1414,1847,1897,319,452,3312,936,554,1025,941,1062,2037,1227,2156,1333,1607,816,1678,40,735,1438,2288,2094,1026,3040,2596,2760,780,2681,1409,1339,885,33,2687,687,556,1894,680,2508,1143,2277,2308,797,1745,855,314,3273,2300,650,2789,1729,561,2402,1692,2794,2237,1573,2688,2786,2090,2617,233,3033,1219,2009,2377,2481,1063,807,2761,2879,886,2132,892,1410,109,2419,756,2240,1212,632,1626,749,863,461,2229,1426,403,331,2337,1746,2954,1848,667,1853,1175,2865,1461,630,757,1010,2746,1355,1179,1274,939,193,2298,3110,3050,283,1455,1352,1540,\
		1,2393,569,56,848,1903,3136,882,40,2508,2786,2240,630,2882,2267,1990,1600,450,1583,3046,1897,2094,797,3033,749,1355,69,1996,2642,535,1919,1476,3328,936,2760,3273,2481,1426,193,2447,3289,821,543,1089,2699,447,1062,1339,1729,2879,1746,283,1432,1235,2532,296,2580,1974,3260,1333,687,2794,1410,1853,1,2393,569,56,848,1903,3136,882,40,2508,2786,2240,630,2882,2267,1990,1600,450,1583,3046,1897,2094,797,3033,749,1355,69,1996,2642,535,1919,1476,3328,936,2760,3273,2481,1426,193,2447,3289,821,543,1089,2699,447,1062,1339,1729,2879,1746,283,1432,1235,2532,296,2580,1974,3260,1333,687,2794,1410,1853,1,2393,569,56,848,1903,3136,882,40,2508,2786,2240,630,2882,2267,1990,1600,450,1583,3046,1897,2094,797,3033,749,1355,69,1996,2642,535,1919,1476,3328,936,2760,3273,2481,1426,193,2447,3289,821,543,1089,2699,447,1062,1339,1729,2879,1746,283,1432,1235,2532,296,2580,1974,3260,1333,687,2794,1410,1853,1,2393,569,56,848,1903,3136,882,40,2508,2786,2240,630,2882,2267,1990,1600,450,1583,3046,1897,2094,797,3033,749,1355,69,1996,2642,535,1919,1476,3328,936,2760,3273,2481,1426,193,2447,3289,821,543,1089,2699,447,1062,1339,1729,2879,1746,283,1432,1235,2532,296,2580,1974,3260,1333,687,2794,1410,1853,\
		1,733,1320,2150,1333,1692,1848,3010,2532,1703,3253,885,2879,3050,1891,1239,2699,941,650,403,2447,2649,910,1230,2760,2377,1274,1722,535,2662,452,1745,749,3061,3296,2443,3046,2288,2617,757,2267,540,2998,394,2508,756,1534,2549,848,2390,816,2237,1853,17,2474,2466,3260,2687,2132,1455,1235,3096,2319,2037,1729,2337,1915,2186,1089,2606,2681,1063,193,1651,1756,2154,936,314,461,1684,2642,2437,1977,1026,3033,2746,2102,2768,1583,1847,2277,1212,2882,1920,2522,1031,40,2688,2865,2775,56,1100,682,556,1410,1540,289,2110,1974,2156,2402,2954,1432,1021,2697,2804,1339,2761,3110,2594,543,1868,1025,2300,1426,3281,1435,3220,3328,2596,2009,1179,1996,1637,1481,319,797,1626,76,2444,450,279,1438,2090,630,2388,2679,2926,882,680,2419,2099,569,952,2055,1607,2794,667,2877,1584,2580,268,33,886,283,1041,712,2572,1062,2789,331,2935,821,2573,1795,780,2481,939,2513,1092,1476,3312,855,863,69,642,1197,1874,2094,233,1010,1292,1600,992,1414,1143,2240,723,648,2266,3136,1678,1573,1175,2393,3015,2868,1645,687,892,1352,2303,296,583,1227,561,1746,1482,1052,2117,447,1409,807,2298,3289,641,464,554,3273,2229,2647,2773,1919,1789,3040,1219,1355,1173,927,375,1897,2308,632,525,1990,568,219,735,2786,1461,2304,1029,1903,48,1894,109,\
		1,2474,1974,33,1746,1891,1089,1025,2481,2647,535,1977,797,1010,1990,2998,40,2419,2393,1320,3260,2402,283,1052,2699,2681,1426,2513,1919,452,3033,76,1600,219,2508,2865,569,2868,1333,2132,1432,712,447,650,193,1435,1476,3040,749,2102,450,1414,2786,1534,56,2055,687,1848,1235,2697,1062,807,2447,1756,3328,855,1355,3296,1583,1438,2240,2304,848,682,2794,1352,2532,2319,1339,331,3289,910,936,2009,69,927,3046,2277,630,648,1903,816,1410,2877,296,3253,1729,3110,821,464,2760,461,1996,1197,1897,2617,2882,2679,3136,1894,1853,289,2580,1227,2879,1915,543,1795,3273,1274,2642,1481,2094,632,2267,2522,882,1573,1,2474,1974,33,1746,1891,1089,1025,2481,2647,535,1977,797,1010,1990,2998,40,2419,2393,1320,3260,2402,283,1052,2699,2681,1426,2513,1919,452,3033,76,1600,219,2508,2865,569,2868,1333,2132,1432,712,447,650,193,1435,1476,3040,749,2102,450,1414,2786,1534,56,2055,687,1848,1235,2697,1062,807,2447,1756,3328,855,1355,3296,1583,1438,2240,2304,848,682,2794,1352,2532,2319,1339,331,3289,910,936,2009,69,927,3046,2277,630,648,1903,816,1410,2877,296,3253,1729,3110,821,464,2760,461,1996,1197,1897,2617,2882,2679,3136,1894,1853,289,2580,1227,2879,1915,543,1795,3273,1274,2642,1481,2094,632,2267,2522,882,1573,\
		1,2110,1227,2337,821,1230,2009,1173,1583,1143,1534,952,1333,2954,1052,2606,2481,1722,1481,2308,2882,2266,816,667,2532,2804,807,1651,1476,1745,76,568,40,1175,2474,268,2879,2594,464,314,69,2443,1438,1461,56,1645,2132,1041,2699,2300,2647,2437,2094,757,2679,48,1410,2303,2319,2789,2447,3220,3040,2746,1600,394,2419,733,1974,561,1915,2573,2760,1179,927,1847,2240,2549,2055,1692,1432,2117,2681,939,535,319,632,1920,3136,2237,2877,1703,1339,2298,1756,3312,749,2444,219,2688,2393,2466,33,3050,543,554,461,642,3046,2090,2304,1100,687,1455,712,941,1426,2773,1977,233,2267,2926,1894,1540,296,2037,331,2649,3328,1219,2102,992,2508,2099,1320,2156,1746,2186,1795,2377,1996,375,2277,723,848,1607,1848,1021,447,1063,2513,2662,797,525,2522,1678,1853,1584,3253,2761,3289,2154,855,3061,450,735,2865,3015,3260,886,1891,1868,3273,1684,1197,2288,630,1029,682,892,1235,2572,650,3281,1919,1026,1010,540,882,109,289,583,1729,2935,910,2596,1355,2768,1414,756,569,2150,2402,1482,1089,780,1274,1637,1897,1212,648,2390,2794,3010,2697,1409,193,1092,452,1626,1990,1031,1573,17,2580,885,3110,641,936,863,3296,279,2786,2775,2868,2687,283,1239,1025,2229,2642,1874,2617,2388,1903,556,1352,3096,1062,403,1435,1789,3033,1292,2998,680,\
		1,2580,1729,3289,3328,749,1600,40,1,2580,1729,3289,3328,749,1600,40,1,2580,1729,3289,3328,749,1600,40,1,2580,1729,3289,3328,749,1600,40,1,2580,1729,3289,3328,749,1600,40,1,2580,1729,3289,3328,749,1600,40,1,2580,1729,3289,3328,749,1600,40,1,2580,1729,3289,3328,749,1600,40,1,2580,1729,3289,3328,749,1600,40,1,2580,1729,3289,3328,749,1600,40,1,2580,1729,3289,3328,749,1600,40,1,2580,1729,3289,3328,749,1600,40,1,2580,1729,3289,3328,749,1600,40,1,2580,1729,3289,3328,749,1600,40,1,2580,1729,3289,3328,749,1600,40,1,2580,1729,3289,3328,749,1600,40,1,2580,1729,3289,3328,749,1600,40,1,2580,1729,3289,3328,749,1600,40,1,2580,1729,3289,3328,749,1600,40,1,2580,1729,3289,3328,749,1600,40,1,2580,1729,3289,3328,749,1600,40,1,2580,1729,3289,3328,749,1600,40,1,2580,1729,3289,3328,749,1600,40,1,2580,1729,3289,3328,749,1600,40,1,2580,1729,3289,3328,749,1600,40,1,2580,1729,3289,3328,749,1600,40,1,2580,1729,3289,3328,749,1600,40,1,2580,1729,3289,3328,749,1600,40,1,2580,1729,3289,3328,749,1600,40,1,2580,1729,3289,3328,749,1600,40,1,2580,1729,3289,3328,749,1600,40,1,2580,1729,3289,3328,749,1600,40,\
		1,583,331,3220,3033,540,1894,2303,1062,3281,1977,757,1903,892,712,2300,2642,2288,2304,1645,283,1868,461,2443,2786,3015,33,2594,936,3061,219,1175,2580,2761,1756,1745,1990,1678,2877,2804,193,2662,632,2266,2794,1021,2681,1722,1897,723,2055,2954,1089,2377,927,1143,569,2156,1915,1230,1355,992,2419,2110,1729,2649,3040,1292,882,1540,2319,403,1919,233,2679,556,1235,941,2647,1874,630,1100,2132,1239,3273,642,1438,2775,3260,3050,464,863,450,2688,2474,885,3289,3312,76,1031,1853,1703,807,1092,797,1920,816,3010,447,939,1481,1212,848,1692,1052,780,1996,1847,1534,2150,1746,2573,2009,2768,2508,733,1227,2935,3328,2746,2998,109,296,2789,1435,1026,2267,48,1352,2572,1426,2437,2617,1029,687,1041,1025,1684,3046,1461,2868,886,543,314,3296,735,2393,268,3110,2154,749,568,1573,1584,1339,1651,452,525,3136,667,2697,1063,535,2308,648,1607,1432,2606,1274,375,2240,952,2402,2186,2760,1173,1414,2099,1974,2337,910,1219,1600,680,289,2037,2447,1789,1010,2926,1410,3096,650,2773,2094,2388,682,1455,2699,2229,1197,2090,56,2687,1891,554,69,279,2865,2466,2879,641,855,2444,40,17,3253,2298,1476,1626,2522,2237,2532,1409,2513,319,2882,2390,1848,2117,2481,1637,2277,2549,1333,1482,1795,1179,1583,756,1320,561,821,2596,2102,394,\
